1 0.5270700636942676 0.6544585987261147 0.04777070063694268 0.08917197452229299
1 0.5668789808917197 0.6671974522292994 0.03343949044585987 0.06528662420382166
1 0.3630573248407643 0.6640127388535032 0.03821656050955414 0.07006369426751592
1 0.2627388535031847 0.6942675159235668 0.050955414012738856 0.09554140127388536
1 0.19745222929936307 0.535031847133758 0.15445859872611464 0.2229299363057325
1 0.37579617834394907 0.11464968152866242 0.052547770700636945 0.05732484076433121
1 0.321656050955414 0.3328025477707006 0.05732484076433121 0.06050955414012739
1 0.5828025477707006 0.4713375796178344 0.027070063694267517 0.05732484076433121
1 0.6385350318471338 0.2372611464968153 0.050955414012738856 0.14968152866242038
1 0.6003184713375797 0.08598726114649681 0.027070063694267517 0.04777070063694268
1 0.571656050955414 0.13694267515923567 0.027070063694267517 0.04777070063694268
1 0.4984076433121019 0.03662420382165605 0.03503184713375796 0.0732484076433121
1 0.5286624203821656 0.050955414012738856 0.02388535031847134 0.06050955414012739
1 0.4394904458598726 0.31369426751592355 0.03343949044585987 0.06528662420382166
1 0.4012738853503185 0.25477707006369427 0.028662420382165606 0.042993630573248405
1 0.0732484076433121 0.3503184713375796 0.12738853503184713 0.12738853503184713