1 0.8232484076433121 0.49363057324840764 0.07006369426751592 0.06050955414012739
1 0.6592356687898089 0.3535031847133758 0.2643312101910828 0.10987261146496816
1 0.15764331210191082 0.5812101910828026 0.267515923566879 0.32643312101910826
1 0.5652866242038217 0.8312101910828026 0.42356687898089174 0.31528662420382164
1 0.7707006369426752 0.6990445859872612 0.09394904458598727 0.08598726114649681
1 0.5477707006369427 0.5254777070063694 0.1449044585987261 0.1035031847133758
1 0.40445859872611467 0.6003184713375797 0.06687898089171974 0.050955414012738856
1 0.36942675159235666 0.3853503184713376 0.06687898089171974 0.050955414012738856
1 0.732484076433121 0.45222929936305734 0.12261146496815287 0.08121019108280254
1 0.7420382165605095 0.5302547770700637 0.052547770700636945 0.041401273885350316
1 0.8535031847133758 0.6289808917197452 0.06687898089171974 0.06528662420382166
1 0.8057324840764332 0.7898089171974523 0.07006369426751592 0.06528662420382166
1 0.4251592356687898 0.2929936305732484 0.17834394904458598 0.06687898089171974