1 0.49044585987261147 0.6385350318471338 0.052547770700636945 0.08917197452229299
1 0.5286624203821656 0.6512738853503185 0.03821656050955414 0.06210191082802548
1 0.3248407643312102 0.6480891719745223 0.042993630573248405 0.07006369426751592
1 0.2213375796178344 0.678343949044586 0.05732484076433121 0.09554140127388536
1 0.17197452229299362 0.517515923566879 0.17038216560509553 0.2372611464968153
1 0.38057324840764334 0.10191082802547771 0.06050955414012739 0.06528662420382166
1 0.3089171974522293 0.3200636942675159 0.06528662420382166 0.06687898089171974
1 0.5652866242038217 0.4585987261146497 0.03343949044585987 0.05573248407643312
1 0.6353503184713376 0.2229299363057325 0.06210191082802548 0.15445859872611464
1 0.6098726114649682 0.07643312101910828 0.03343949044585987 0.050955414012738856
1 0.5748407643312102 0.12101910828025478 0.028662420382165606 0.050955414012738856
1 0.5143312101910829 0.030254777070063694 0.042993630573248405 0.06050955414012739
1 0.5398089171974523 0.03662420382165605 0.027070063694267517 0.06050955414012739
1 0.4315286624203822 0.29936305732484075 0.03662420382165605 0.07006369426751592
1 0.3964968152866242 0.24044585987261147 0.03343949044585987 0.04777070063694268
1 0.06528662420382166 0.3328025477707006 0.1305732484076433 0.13694267515923567