1 0.35509554140127386 0.7229299363057324 0.3248407643312102 0.44745222929936307
1 0.5828025477707006 0.7229299363057324 0.050955414012738856 0.08121019108280254
1 0.10987261146496816 0.9012738853503185 0.21178343949044587 0.14968152866242038
1 0.25955414012738853 0.37898089171974525 0.16401273885350318 0.15605095541401273
1 0.09713375796178345 0.34554140127388533 0.1464968152866242 0.1035031847133758
1 0.13694267515923567 0.2229299363057325 0.1592356687898089 0.13694267515923567
1 0.29777070063694266 0.18471337579617833 0.14012738853503184 0.17834394904458598
1 0.3996815286624204 0.12420382165605096 0.1751592356687898 0.2484076433121019
1 0.5127388535031847 0.2754777070063694 0.09076433121019108 0.08917197452229299
1 0.5652866242038217 0.21178343949044587 0.09076433121019108 0.1449044585987261
1 0.43630573248407645 0.3996815286624204 0.16560509554140126 0.16401273885350318
1 0.5636942675159236 0.5 0.07961783439490445 0.08121019108280254
1 0.1592356687898089 0.08280254777070063 0.14968152866242038 0.11305732484076433
1 0.2515923566878981 0.5270700636942676 0.1178343949044586 0.08121019108280254