1 0.20222929936305734 0.6592356687898089 0.11464968152866242 0.15605095541401273
1 0.2531847133757962 0.5445859872611465 0.06528662420382166 0.08917197452229299
1 0.428343949044586 0.7436305732484076 0.09554140127388536 0.1464968152866242
1 0.42356687898089174 0.5668789808917197 0.06050955414012739 0.07961783439490445
1 0.3996815286624204 0.4410828025477707 0.042993630573248405 0.08439490445859872
1 0.3869426751592357 0.31528662420382164 0.03821656050955414 0.052547770700636945
1 0.42356687898089174 0.4315286624203822 0.042993630573248405 0.12261146496815287
1 0.5207006369426752 0.5589171974522293 0.06050955414012739 0.08917197452229299
1 0.571656050955414 0.7929936305732485 0.027070063694267517 0.042993630573248405
1 0.5318471337579618 0.6815286624203821 0.050955414012738856 0.07006369426751592
1 0.5828025477707006 0.6210191082802548 0.027070063694267517 0.03662420382165605
1 0.1942675159235669 0.22770700636942676 0.1305732484076433 0.21178343949044587