1 0.19904458598726116 0.34554140127388533 0.21656050955414013 0.27388535031847133
1 0.517515923566879 0.3519108280254777 0.10031847133757962 0.2085987261146497
1 0.6257961783439491 0.2627388535031847 0.06050955414012739 0.18312101910828024
1 0.6990445859872612 0.25 0.04777070063694268 0.12420382165605096
1 0.7277070063694268 0.33121019108280253 0.041401273885350316 0.10828025477707007
1 0.7515923566878981 0.38057324840764334 0.03184713375796178 0.09394904458598727
1 0.7945859872611465 0.31369426751592355 0.03184713375796178 0.06528662420382166
1 0.5859872611464968 0.5732484076433121 0.052547770700636945 0.12738853503184713
1 0.6321656050955414 0.571656050955414 0.042993630573248405 0.09076433121019108
1 0.6878980891719745 0.47929936305732485 0.03343949044585987 0.07484076433121019
1 0.6687898089171974 0.6289808917197452 0.03821656050955414 0.08917197452229299
1 0.6242038216560509 0.678343949044586 0.03343949044585987 0.06210191082802548
1 0.22770700636942676 0.9156050955414012 0.10828025477707007 0.1305732484076433