1 0.5557324840764332 0.32643312101910826 0.042993630573248405 0.08598726114649681
1 0.5955414012738853 0.31687898089171973 0.027070063694267517 0.06050955414012739
1 0.39012738853503187 0.3105095541401274 0.03343949044585987 0.06687898089171974
1 0.2898089171974522 0.2770700636942675 0.04617834394904458 0.09554140127388536
1 0.2197452229299363 0.43312101910828027 0.1464968152866242 0.21656050955414013
1 0.37579617834394907 0.85828025477707 0.052547770700636945 0.052547770700636945
1 0.3343949044585987 0.6385350318471338 0.052547770700636945 0.06050955414012739
1 0.6050955414012739 0.5127388535031847 0.027070063694267517 0.050955414012738856
1 0.6464968152866242 0.7484076433121019 0.042993630573248405 0.15127388535031847
1 0.6019108280254777 0.8964968152866242 0.022292993630573247 0.042993630573248405
1 0.5732484076433121 0.8455414012738853 0.027070063694267517 0.042993630573248405
1 0.4984076433121019 0.9442675159235668 0.03184713375796178 0.07643312101910828
1 0.5270700636942676 0.9315286624203821 0.01910828025477707 0.06050955414012739
1 0.45222929936305734 0.6624203821656051 0.028662420382165606 0.06528662420382166
1 0.40923566878980894 0.7197452229299363 0.027070063694267517 0.041401273885350316
1 0.08598726114649681 0.6098726114649682 0.11942675159235669 0.11942675159235669