1 0.49203821656050956 0.19904458598726116 0.05573248407643312 0.06528662420382166
1 0.35509554140127386 0.3630573248407643 0.08917197452229299 0.25477707006369427
1 0.6003184713375797 0.8662420382165605 0.3057324840764331 0.24681528662420382
1 0.8407643312101911 0.4442675159235669 0.28821656050955413 0.39171974522292996
1 0.6990445859872612 0.24203821656050956 0.08121019108280254 0.08439490445859872
1 0.5334394904458599 0.46656050955414013 0.08598726114649681 0.13535031847133758
1 0.60828025477707 0.60828025477707 0.042993630573248405 0.06210191082802548
1 0.3996815286624204 0.6512738853503185 0.04617834394904458 0.06210191082802548
1 0.4538216560509554 0.28662420382165604 0.07484076433121019 0.11305732484076433
1 0.5318471337579618 0.27229299363057324 0.03821656050955414 0.050955414012738856
1 0.6257961783439491 0.1592356687898089 0.06050955414012739 0.06050955414012739
1 0.7882165605095541 0.20222929936305734 0.06210191082802548 0.06210191082802548
1 0.3073248407643312 0.6003184713375797 0.052547770700636945 0.1735668789808917