1 0.4697452229299363 0.38057324840764334 0.050955414012738856 0.07165605095541401
1 0.14968152866242038 0.16401273885350318 0.19745222929936307 0.1751592356687898
1 0.09076433121019108 0.25 0.11305732484076433 0.10031847133757962
1 0.2627388535031847 0.3662420382165605 0.09872611464968153 0.10828025477707007
1 0.25955414012738853 0.4697452229299363 0.09554140127388536 0.1035031847133758
1 0.25796178343949044 0.6035031847133758 0.07165605095541401 0.08598726114649681
1 0.13853503184713375 0.5334394904458599 0.11305732484076433 0.10509554140127389
1 0.10191082802547771 0.39012738853503187 0.12261146496815287 0.11305732484076433
1 0.03821656050955414 0.4538216560509554 0.05732484076433121 0.14012738853503184
1 0.08280254777070063 0.6847133757961783 0.09872611464968153 0.14012738853503184
1 0.4394904458598726 0.4872611464968153 0.042993630573248405 0.04617834394904458
1 0.4585987261146497 0.44745222929936307 0.022292993630573247 0.03821656050955414
1 0.4968152866242038 0.5509554140127388 0.15445859872611464 0.1735668789808917
1 0.34235668789808915 0.8073248407643312 0.2770700636942675 0.35987261146496813
1 0.16401273885350318 0.9490445859872612 0.20382165605095542 0.09554140127388536