1 0.18630573248407642 0.3519108280254777 0.10828025477707007 0.15127388535031847
1 0.2484076433121019 0.46178343949044587 0.06528662420382166 0.08598726114649681
1 0.40923566878980894 0.24203821656050956 0.09076433121019108 0.14171974522292993
1 0.4140127388535032 0.4171974522292994 0.050955414012738856 0.07484076433121019
1 0.3996815286624204 0.5445859872611465 0.041401273885350316 0.08439490445859872
1 0.3980891719745223 0.6735668789808917 0.03662420382165605 0.052547770700636945
1 0.42356687898089174 0.552547770700637 0.03343949044585987 0.11942675159235669
1 0.5143312101910829 0.4140127388535032 0.052547770700636945 0.08598726114649681
1 0.5445859872611465 0.1751592356687898 0.027070063694267517 0.03821656050955414
1 0.5143312101910829 0.2898089171974522 0.042993630573248405 0.07006369426751592
1 0.571656050955414 0.34394904458598724 0.027070063694267517 0.03343949044585987
1 0.21337579617834396 0.7818471337579618 0.11305732484076433 0.20222929936305734