1 0.3646496815286624 0.5557324840764332 0.11305732484076433 0.09872611464968153
1 0.37579617834394907 0.4570063694267516 0.08121019108280254 0.07165605095541401
1 0.4888535031847134 0.4984076433121019 0.07006369426751592 0.05573248407643312
1 0.5939490445859873 0.5143312101910829 0.07165605095541401 0.05732484076433121
1 0.589171974522293 0.3837579617834395 0.07643312101910828 0.07006369426751592
1 0.7197452229299363 0.3837579617834395 0.07006369426751592 0.07961783439490445
1 0.5079617834394905 0.678343949044586 0.17038216560509553 0.15605095541401273
1 0.5605095541401274 0.8487261146496815 0.11942675159235669 0.14968152866242038
1 0.8773885350318471 0.10828025477707007 0.1735668789808917 0.10987261146496816
1 0.49203821656050956 0.20222929936305734 0.1178343949044586 0.06210191082802548
1 0.34076433121019106 0.30095541401273884 0.07484076433121019 0.04777070063694268
1 0.25636942675159236 0.23248407643312102 0.07006369426751592 0.05573248407643312
1 0.2085987261146497 0.28821656050955413 0.06050955414012739 0.05732484076433121
1 0.12898089171974522 0.33121019108280253 0.1035031847133758 0.07484076433121019
1 0.23885350318471338 0.40445859872611467 0.1035031847133758 0.08598726114649681
1 0.34076433121019106 0.34554140127388533 0.06210191082802548 0.04777070063694268
1 0.7372611464968153 0.2372611464968153 0.06528662420382166 0.04617834394904458