1 0.3885350318471338 0.8089171974522293 0.2372611464968153 0.18949044585987262
1 0.4140127388535032 0.5 0.18949044585987262 0.10031847133757962
1 0.34394904458598724 0.3980891719745223 0.15445859872611464 0.07006369426751592
1 0.34235668789808915 0.32961783439490444 0.1035031847133758 0.042993630573248405
1 0.44745222929936307 0.37420382165605093 0.13535031847133758 0.06050955414012739
1 0.5859872611464968 0.4315286624203822 0.10031847133757962 0.050955414012738856
1 0.5907643312101911 0.39171974522292996 0.08121019108280254 0.042993630573248405
1 0.5254777070063694 0.3375796178343949 0.05573248407643312 0.027070063694267517
1 0.40605095541401276 0.29777070063694266 0.07165605095541401 0.028662420382165606
1 0.4410828025477707 0.2786624203821656 0.08439490445859872 0.028662420382165606
1 0.8503184713375797 0.7722929936305732 0.10828025477707007 0.09394904458598727
1 0.39490445859872614 0.2372611464968153 0.052547770700636945 0.027070063694267517
1 0.6353503184713376 0.35509554140127386 0.08121019108280254 0.03662420382165605