1 0.3503184713375796 0.5286624203821656 0.07006369426751592 0.042993630573248405
1 0.11942675159235669 0.8280254777070064 0.15605095541401273 0.17993630573248406
1 0.20222929936305734 0.8949044585987261 0.09076433121019108 0.1035031847133758
1 0.3248407643312102 0.732484076433121 0.09554140127388536 0.08917197452229299
1 0.4267515923566879 0.7484076433121019 0.09394904458598727 0.08439490445859872
1 0.5621019108280255 0.7643312101910829 0.07643312101910828 0.06210191082802548
1 0.4856687898089172 0.8757961783439491 0.09554140127388536 0.09872611464968153
1 0.34235668789808915 0.8996815286624203 0.1035031847133758 0.11305732484076433
1 0.3996815286624204 0.9729299363057324 0.1321656050955414 0.050955414012738856
1 0.6305732484076433 0.947452229299363 0.12420382165605096 0.08598726114649681
1 0.4538216560509554 0.5700636942675159 0.04617834394904458 0.03821656050955414
1 0.4140127388535032 0.5461783439490446 0.03662420382165605 0.022292993630573247
1 0.5207006369426752 0.5222929936305732 0.160828025477707 0.13694267515923567
1 0.767515923566879 0.7038216560509554 0.32643312101910826 0.24044585987261147
1 0.9251592356687898 0.9028662420382165 0.12420382165605096 0.18949044585987262