1 0.4697452229299363 0.821656050955414 0.24681528662420382 0.21656050955414013
1 0.43312101910828027 0.517515923566879 0.1942675159235669 0.11942675159235669
1 0.34394904458598724 0.428343949044586 0.15445859872611464 0.08598726114649681
1 0.32643312101910826 0.35828025477707004 0.1035031847133758 0.05732484076433121
1 0.4394904458598726 0.3853503184713376 0.13535031847133758 0.07643312101910828
1 0.5859872611464968 0.42197452229299365 0.10509554140127389 0.05573248407643312
1 0.5859872611464968 0.3837579617834395 0.08439490445859872 0.050955414012738856
1 0.5047770700636943 0.3375796178343949 0.05732484076433121 0.03184713375796178
1 0.3821656050955414 0.3200636942675159 0.07643312101910828 0.03821656050955414
1 0.4140127388535032 0.2929936305732484 0.08598726114649681 0.03821656050955414
1 0.9171974522292994 0.714968152866242 0.11305732484076433 0.1035031847133758
1 0.35509554140127386 0.2627388535031847 0.05573248407643312 0.028662420382165606
1 0.6178343949044586 0.339171974522293 0.08121019108280254 0.042993630573248405